1358245615642181632
1533934020123303937
1502756240321036288
56076684
106479222
1542026961199005697
1526491340346953728
1428730331331432450
1158747309695479813
2576960380
3304781799
1297154614467399680
1343623498128908291
1497189449620463646
2790686519
402199004
1132992895013801985
3346509473
45718735
966718138980225024
1516681529279320064
1467883875103907854
125071751
1466780567756750848
1143172129141268487
3425036032
1498687138640056321
586413467
1730124938
17754547
1539008279258570752
1185576001243406336
1149358899650355200
1545699591525384192
983354273768419328
940377990
1502722204592754692
791348926506991621
2639991843
1522115160659619841
2929465251
1229701160182984709
2761247307
1405637360138829824
1519008129228410882
1530289926574592001
1537215688619741184
395681433
96820121
747619958255915008
1525782674098503681
1445106054279335945
1312505758064541697
1509177213933043713
1501648021481742336
1395506118634397704
1513835055365378053
960881604
1521601677429817345
1446546886337261571
957277654578814976
1526677017038659584
1471004314667737093
1044148089018298369
905533096644182017
1487499246429478919
1499786962953191438
470652740
1116682896176107521
1503522818796965889
923587203397308416
955482853021798401
30858986
417571583
245342774
1504152034932510720
1172529779914022913
129130976
1337654531568504833
75860135
1522760367084081154
376938145
976321639624265728
1411339937572528129
1535608662118518785
1395454901522685955
1327417496794697728
4074866050
958124367816388608
3513634755
1237930899406192646
1282727202
2735440619
752239189685665792
950430193528770560
1509199819176300546
1504694761919516672
1192090546786881537
2617024411
1530365381998698496
921223039756386304
18851009
932436882667048960
1221219818839400455
1290472513659703296
1006660006350131200
1455545791876112388
340971651
1496709205914488833
1223676694822670336
170517181
950751482797633536
862937858079940610
413832534
1510035056634519553
262522708
784824338520342528
1583848250
1281925147
1498480428893757441
965190480970633216
1309774912530202624
1516499737746317319
1468571797
1033475115810533378
1264125429583089664
1322050201
1527999884955381760
1488716502715056128
1257290297245040640
130838153
1539281333247172608
1286292159444983808
533588637
956834078606667776
1249033669890768905
1454548242096664587
1328075998877855753
1497356350799630340
1515658835570364421
111438456
1499876299028025353
846280230
1453821254289477646
1501555406933528579
442320428
526566088
102207210
727653447546232832
1189063684435234816
104529625
1445069259730677762
32044030
313303962
1497511317086908416
1487660158440419333
1496929965392207873
1218203416587051008
1419371375781875714
892450844628725764
1545815209884979201
1539399417622560769
730416864514461697
1037126990992748546
4845907143
3429701925
1492936343160303619
1515714950743969800
804020000
428550505
1450463096
1322553806530510848
1424884604549308439
1279214834035290112
1031279588381548544
808611371965415429
1500110255463751684
1459407788996644865
1249729843
753885254335795200
1100744851572879360
1483554227762958340
1394684426295074820
1189993880399339521
1518978908892196865
1214746341148020736
1251359293275877376
264748423
1497214029806374916
1268769242364751872
493224624
1209249979744817152
887403875669618688
1041959122760019968
295698191
4500779543
1543500334739255296
1206034948991455232
195036383
1203003584205471746
22590713
1497798146214309888
1053174255926501376
1544451804032864263
2770000178
942363254
1182255574550900737
2882934664
1428156779834261506
3309829364
304766078
55341514
373266120
960951325331730432
1288892307681488896
1591935811
718800728492523521
1151923146473332736
1419451228241661952
1468518556019335178
1272040879
192517432
1498898008083255300
1364399932304732161
1442618448358608903
1520163049780482049
1422002109495578624
1493121870207590400
177296591
1505241393308086274
1229703470812467201
1290984711658102785
2916094244
1537060841614458882
1266242189677355009
1495066936761327624
17718763
1263128428909223936
1280787080189280257
2263455456
1487116921057206274
1503863469510078464
1503895016002965513
2405332228
1357831884819021828
1109466092118798337
1512465578698678280
1530920342524309504
1205591189837230080
741195637090291712
1402724052163309571
40591108
1535163141885005825
1499199011223486465
1373736594742636551
67202066
1507918472558301186
188027530
1446822225697464326
203131060
104907232
244783697
734969195553652738
1425604571712294912
369875032
308657860
1463977915301838852
129824860
1496494636466122753
923947808
1190256575660867584
35863690
259975018
3407376472
144001459
250884138
1507346903591108611
1498150080062316547
762427629202870276
971037940653678592
1221546811535446016
474230940
268172310
2193088572
1267540478
1216085967708348417
955583712
2718226981
1188968974035365892
1499063087508434944
18887336
1472165940439789570
911309460500619266
62338337
1093009184856162304
1267814618899963907
1457471333848190976
1082226717299748865
435260935
1518808672646098945
1468387185330356226
1078670113
1063942566
54777994
3226816191
1067655927115857920
950525832
1540122911163531264
626125286
2780003122
1491145491219845122
612779170
1501029174504345605
918643371543093249
1500181951839358978
960110938559885312
2221935480
3258108948
2379527436
1162531559691309057
3300617338
1397210172410445828
1036729090345193474
156579343
1475598352393936899
3224168702
1045664314500079616
1497378792981078020
1482161939316764673
1183628042847051776
1511594884113010690
1441444408772153344
1442783542212059142
951791132060643328
1501438730002833418
1465205945928192004
857990961879801856
2613651126
1470714127278555144
314722869
1496815441616183303
1033098223525740544
168230904
1431348884421365764
809840586
2477835384
1076390257673687046
364517397
126522856
2906589027
18662449
1439681142739849218
173203962
1423459056115757056
4750874046
257097577
1399091478044024841
411805441
820018673825943552
171683512
1355685988266356744
1496695249573498888
1538834538259947520
1861069266
1342212480836231173
1526976081835728896
1105310601125875712
1393357173829238786
246284801
1520858324971167744
75472727
46674413
828071515279089665
2989010268
1478460398517067776
1133720540177416193
1542891399154212870
1496955185989627908
825386050243682311
1218088655606165510
1511349085034491912
719491233
1329711194
476085146
838558087896252421
1499483816846827520
4357846636
1129088815
1523346749112340480
1050970562997022720
1032557970926780416
1060532135784640513
222361906
1420962115544752137
2201545256
956304828845690880
1454165058540408844
1295820567250075650
1508557875483795456
1539700315381014531
85045179
174980795
985070234594881536
715321997664919553
3802710273
1498190167043100678
587077291
1519565763018960896
1521457887184252928
67630197
1428166821505474560
1048548482510934016
1518976363356909568
562261824
2187279774
1357079921307320320
1142918101639532550
1331196719875432448
1116309503505465344
1242845629539368961
2548197284
1182177906639982598
1380558991474970628
164417762
1091353197455695873
1376445842392023043