1358245615642181632
1526491340346953728
1158747309695479813
1343623498128908291
1143172129141268487
1185576001243406336
1545699591525384192
1521601677429817345
1172529779914022913
1337654531568504833
1327417496794697728
1509199819176300546
1192090546786881537
950751482797633536
1498480428893757441
1257290297245040640
1539281333247172608
1453821254289477646
1279214834035290112
1100744851572879360
1214746341148020736
1497214029806374916
1206034948991455232
1203003584205471746
259975018
1487660158440419333
2916094244
417571583
3224168702
1221546811535446016
1498687138640056321
4750874046
164417762
730416864514461697
1446822225697464326
1539008279258570752
734969195553652738
804020000
1525782674098503681
130838153
526566088
1395454901522685955
1358245615642181632
1328075998877855753
1511594884113010690
364517397
1467883875103907854
1257290297245040640
1045664314500079616
846280230
4845907143
35863690
762427629202870276
1309774912530202624
1544451804032864263
1402724052163309571
1397210172410445828
1446546886337261571
905533096644182017
932436882667048960
1251359293275877376
911309460500619266
476085146
1513835055365378053
923587203397308416
1399091478044024841
921223039756386304
192517432
1031279588381548544
3258108948
1192090546786881537
1861069266
3346509473
262522708
1364399932304732161
1267540478
1162531559691309057
2929465251
1496494636466122753
1109466092118798337
586413467
1471004314667737093
1539281333247172608
1488716502715056128
1515714950743969800
1214746341148020736
1533934020123303937
1053174255926501376
1428156779834261506
2405332228
1032557970926780416
1519565763018960896
1475598352393936899
719491233
825386050243682311
1162531559691309057
951791132060643328
1496815441616183303
1472165940439789570
1143172129141268487
1525782674098503681
1583848250
2405332228
250884138
85045179
1337654531568504833
1206034948991455232
1053174255926501376
1267540478
2477835384
18662449
402199004
3429701925
1214746341148020736
1280787080189280257
203131060
2780003122
156579343
1297154614467399680
958124367816388608
493224624
1109466092118798337
67202066
911309460500619266
257097577
46674413
719491233
2790686519
1513835055365378053
1327417496794697728
18851009
262522708
1496494636466122753
364517397
1467883875103907854
965190480970633216
1425604571712294912
1329711194
976321639624265728
1192090546786881537
932436882667048960
1223676694822670336
130838153
1497356350799630340
1518978908892196865
1518740837005332480
1518910421645807618
1518976363356909568
1519008129228410882
1518874485415460869
1518878684920397825
1518869379366203392
1518808672646098945
1518877879802773505
1496929965392207873
1496815441616183303
1496955185989627908
1496879839667752960
1496918982946865159
1496799264974028802
1496981193539166214
1497024538143563778
1497018874411327495
1497378792981078020
1497579796175499271
1497653909040648206
1497441939855220736
1498054445007085573
1497763705131606018
1497798146214309888
1497880054713495553
1497881833341657090
1497904235861655555
1497819567133011970